function out = readSVM
out = [...
1.223457 ;...
1.855754 ;...
1.376088 ;...
0.030422 ;...
1.856493 ;...
2.047219 ;...
1.576963 ;...
1.232858 ;...
1.728406 ;...
1.622006 ;...
1.604181 ;...
1.869471 ;...
1.989414 ;...
1.848204 ;...
1.820905 ;...
1.868821 ;...
0.286260 ;...
1.928466 ;...
1.556423 ;...
1.319761 ;...
0.121424 ;...
1.754355 ;...
1.794645 ;...
1.723598 ;...
1.329587 ;...
2.062461 ;...
1.780022 ;...
2.008189 ;...
1.908582 ;...
1.775486 ;...
1.471500 ;...
1.721978 ;...
1.944388 ;...
1.961474 ;...
1.329368 ;...
1.906615 ;...
0.174616 ;...
1.827709 ;...
2.004605 ;...
1.779342 ;...
2.086185 ;...
1.580910 ;...
1.650439 ;...
1.206136 ;...
1.918404 ;...
1.808864 ;...
1.865793 ;...
1.853483 ;...
1.650675 ;...
1.727663 ;...
1.894633 ;...
2.033492 ;...
2.063332 ;...
2.028869 ;...
1.909349 ;...
1.908680 ;...
1.910475 ;...
1.859123 ;...
1.346371 ;...
1.860034 ;...
1.871194 ;...
2.141781 ;...
1.580515 ;...
1.572692 ;...
1.913354 ;...
1.969055 ;...
1.999745 ;...
1.827505 ;...
1.891057 ;...
1.844511 ;...
1.761861 ;...
1.921365 ;...
1.803054 ;...
1.806654 ;...
0.967202 ;...
1.954018 ;...
1.755541 ;...
1.896539 ;...
0.601093 ;...
1.522254 ;...
1.894835 ;...
1.993057 ;...
1.905233 ;...
1.665072 ;...
1.596733 ;...
1.887480 ;...
1.335537 ;...
1.584868 ;...
1.850636 ;...
1.902566 ;...
2.069785 ;...
1.629746 ;...
1.987844 ;...
1.711571 ;...
1.784246 ;...
1.995788 ;...
1.507318 ;...
1.487873 ;...
1.601705 ;...
1.468391 ...
];